$ 1 0.000005 0.17188692582893286 50 5 43 5e-11
r -16 144 64 144 0 150000
r 96 224 176 224 0 30000
r 176 144 256 144 0 68000
w 176 176 176 224 0
w 256 144 288 144 0
r 288 240 352 240 0 1000
g 176 256 176 272 0 0
368 352 240 384 256 0 0
s 64 144 64 96 0 1 false
r -16 96 64 96 0 100000
w -16 96 -16 144 0
410 -144 320 -144 336 1 ~TL431 0\s40 2\s1e-12\s0.7313687650910126\s0 2\s2e-12\s-7.5364093443862945\s0 0\s1\s-7.5364093443862945\s0.7313687650910126\s140\s~tl431ed-qn_ed 0\s3280 0\s2400 0\s7200 0\s33.333333333333336 2\s1.2e-12\s0.7210450223861518\s0 2\s2.4e-12\s-0.000036548283317117125\s0 0\s1\s-0.000036548283317117125\s0.7210450223861518\s140\s~tl431ed-qn_ed-A1.2 0\s18.18181818181818 2\s2.2000000000000003e-12\s0.6782761842251315\s0 2\s4.400000000000001e-12\s0.017968083592421635\s0 0\s1\s0.017968083592421635\s0.6782761842251315\s140\s~tl431ed-qn_ed-A2.2 0\s800 0\s40 2\s1e-12\s0.7005986735937348\s0 2\s2e-12\s-7.516136519607872\s0 0\s1\s-7.516136519607872\s0.7005986735937348\s140\s~tl431ed-qn_ed 0\s4000 0\s40 2\s1e-12\s0.7030882388027191\s0 2\s2e-12\s-0.11105531899519505\s0 0\s1\s-0.11105531899519505\s0.7030882388027191\s140\s~tl431ed-qn_ed 0\s80 2\s5e-13\s0.7205966490970273\s0 2\s1e-12\s-0.7191983268412905\s0 0\s1\s-0.7191983268412905\s0.7205966490970273\s140\s~tl431ed-qn_ed-A0.5 0\s80 2\s1e-12\s-0.7022116551720626\s0 2\s3e-12\s0.00008234668946116575\s0 0\s-1\s0.00008234668946116575\s-0.7022116551720626\s60\s~tl431ed-qp_ed 0\s80 2\s1e-12\s-0.7003975922392848\s0 2\s3e-12\s7.8434776624966\s0 0\s-1\s7.8434776624966\s-0.7003975922392848\s60\s~tl431ed-qp_ed 0\s800 0\s800 0\s40 2\s1e-12\s0.7054862687924253\s0 2\s2e-12\s-8.595079089464553\s0 0\s1\s-8.595079089464553\s0.7054862687924253\s140\s~tl431ed-qn_ed 0\s150 0\s8 2\s5e-12\s0.7226790120596096\s0 2\s1e-11\s-9.312175026368747\s0 0\s1\s-9.312175026368747\s0.7226790120596096\s140\s~tl431ed-qn_ed-A5 0\s10000 0\s40 2\s1e-12\s-1.0587041945352702\s0 2\s2e-12\s2.984279490192421e-13\s0 0\s1\s2.984279490192421e-13\s-1.0587041945352702\s140\s~tl431ed-qn_ed 2\s~tl431ed-d_ed 0\s1000 2\s~tl431ed-d_ed 2\s1e-11\s8.595059062490039\s0 2\s2e-11\s-0.11103706500501254\s0
g -192 288 -192 320 0 0
R -112 464 -144 464 0 0 40 -11.5 0 0 0.5
r -160 352 -160 304 0 30000
r -160 352 -160 416 0 10000
w -192 288 -112 288 0
368 -48 416 0 400 0 0
r -112 416 -112 464 0 1000
207 -48 416 0 416 4 vref
207 -16 144 -64 144 4 vref
174 80 144 160 96 1 50000 0.35150000000000003 ofset
174 288 144 352 96 1 50000 0.46040000000000003 scale
w 320 96 352 96 0
w 352 96 352 144 0
w 128 96 80 96 0
a 176 240 288 240 8 11.5 -11.5 1000000 -0.00005061614661278381 0 100000
w -160 352 -144 352 0
w -192 288 -160 304 0
w -112 416 -160 416 0
c -48 416 -48 464 0 1.0000000000000001e-7 -10.034854038428357 0.001
w -112 416 -48 416 0
g -48 464 -48 480 0 0
w 64 144 80 144 0
w 80 96 80 144 0
R 96 224 16 224 0 2 1500 1.65 1.65 0 0.5
c 176 176 320 176 0 1e-9 4.75959341135925 0.001
w 176 176 176 144 0
w 352 144 352 176 0
w 336 176 352 176 0
w 352 176 352 240 0
o 7 1 0 x101302 20 0.1 0 2 7 3
